3 0.637237
3 0.523773
3 0.529953
3 0.520062
3 0.525932
3 0.525594
3 0.549268
3 0.51472
3 0.51793
3 0.527734
3 0.309583
3 0.338406
3 0.33713
3 0.643981
3 0.316398
3 0.317693
3 0.387272
3 0.470843
3 0.579811
3 0.575802
3 0.552154
3 0.349936
3 0.303898
3 0.423571
3 0.309022
3 0.319158
3 0.33529
3 0.323182
3 0.301183
3 0.30298
3 0.30363
3 0.306092
3 0.306755
3 0.434389
3 0.301731
3 0.301683
3 0.302446
3 0.48452
3 0.383375
3 0.354966
3 0.4713
3 0.474646
3 0.3598
3 0.335552
3 0.370608
3 0.345809
3 0.319562
3 0.394817
3 0.422083
3 0.412169
3 0.381481
3 0.534627
3 0.555153
3 0.528982
3 0.512057
3 0.518939
3 0.528997
3 0.519521
3 0.525193
3 0.550524
3 0.520045
3 0.512942
3 0.513778
3 0.509769
3 0.418273
3 0.350346
3 0.346925
3 0.318729
3 0.325019
3 0.313052
3 0.31033
3 0.311734
3 0.308007
3 0.368401
3 0.507724
3 0.505058
3 0.523664
3 0.588279
3 0.51696
3 0.504505
3 0.5174
3 0.475488
3 0.568112
3 0.545551
3 0.545272
3 0.524038
3 0.542157
3 0.541972
3 0.504106
3 0.549779
3 0.528203
3 0.550401
3 0.589481
3 0.574383
3 0.532761
3 0.520672
3 0.518962
3 0.530927
3 0.544311
3 0.577335
3 0.52607
3 0.694241
3 0.436943
